0.878461 62645 0.880351 95140 0.88676 118669 0.890444 129753 0.882497 129056 0.880159 120104 0.882502 106149 0.87872 89757 0.881739 72921 0.884499 57278 0.890848 44478 0.889502 34335 0.894746 26143 0.895889 19597 0.901301 14631 0.901768 10830 0.903837 7753 

0.922206 25391 0.895355 38844 0.87357 48913 0.847776 53794 0.837062 53311 0.821947 49003 0.807397 42736 0.793506 34984 0.792273 27983 0.789421 21415 0.792621 16088 0.805367 11947 0.80875 8774 0.810379 6503 0.816702 4633 0.843397 3317 0.838212 2330 

0.844598 206916 0.841724 320769 0.848852 407687 0.847131 454668 0.845584 462708 0.843689 438491 0.840111 392793 0.837448 338201 0.842416 280702 0.849594 225514 0.856847 177050 0.865502 137526 0.869937 105591 0.872343 80195 0.872723 60857 0.879821 45291 0.879784 32859 

0.887271 78369 0.847952 126339 0.821216 163057 0.801897 183543 0.781126 187851 0.765355 178936 0.747364 158900 0.744154 136295 0.737375 110869 0.744573 86684 0.758794 66173 0.767805 49724 0.781364 37307 0.787126 27216 0.796491 20274 0.790348 14518 0.808668 10253 

0.834577 417696 0.837484 666911 0.853427 870298 0.860148 992460 0.866578 1.03203e+06 0.868349 993816 0.870812 907474 0.873062 794078 0.879314 667987 0.883608 545554 0.891127 436781 0.897563 342193 0.90426 265934 0.904439 203923 0.909475 155626 0.910244 117273 0.915927 86033 

0.882326 151050 0.848903 250937 0.830839 333661 0.819457 385720 0.809547 400626 0.804101 386577 0.795778 350045 0.794673 304419 0.797015 252124 0.806051 201985 0.818665 156888 0.831032 120551 0.837962 91042 0.840282 68029 0.848771 51082 0.856624 37244 0.866489 26586 

0.77914 722273 0.784775 1.17214e+06 0.802781 1.55855e+06 0.812122 1.81892e+06 0.818485 1.92902e+06 0.82178 1.89787e+06 0.8257 1.7632e+06 0.829446 1.56597e+06 0.836019 1.33826e+06 0.846612 1.10454e+06 0.856661 892136 0.865902 708682 0.87388 553410 0.877375 427881 0.881102 328149 0.887092 250439 0.892335 182660 

0.842175 243691 0.796515 424613 0.770629 585798 0.753344 697181 0.745264 748142 0.736943 737742 0.731569 688973 0.728306 609119 0.735554 514146 0.747502 416489 0.763424 325660 0.781721 252749 0.794389 194514 0.808693 146837 0.811071 109608 0.821037 81550 0.826782 58935 

0.782507 979991 0.796227 1.63445e+06 0.821214 2.22219e+06 0.837965 2.65049e+06 0.850278 2.8644e+06 0.858624 2.87217e+06 0.862682 2.71966e+06 0.867995 2.45412e+06 0.87428 2.12345e+06 0.883335 1.78132e+06 0.891343 1.45673e+06 0.899242 1.16769e+06 0.904987 922315 0.908383 720035 0.911365 554288 0.913039 422830 0.920288 312635 

0.84539 319493 0.804376 569340 0.792623 807473 0.786577 976909 0.78573 1.06388e+06 0.784465 1.06948e+06 0.783509 1.01325e+06 0.781865 911871 0.790939 783319 0.805981 644034 0.820172 516362 0.832283 407101 0.845087 315772 0.856748 241541 0.857895 183164 0.866377 137464 0.872925 99525 

0.721644 1.38085e+06 0.735631 2.3117e+06 0.767298 3.19399e+06 0.78718 3.86788e+06 0.801239 4.25083e+06 0.810987 4.32589e+06 0.818088 4.15086e+06 0.82445 3.78868e+06 0.834287 3.31309e+06 0.845454 2.79482e+06 0.8581 2.29836e+06 0.868294 1.85103e+06 0.876152 1.46948e+06 0.881576 1.14971e+06 0.885531 887857 0.889508 678245 0.896079 502264 

0.796099 432505 0.746365 794837 0.724603 1.16569e+06 0.716638 1.45327e+06 0.712341 1.6222e+06 0.71332 1.66515e+06 0.711096 1.60748e+06 0.712498 1.46638e+06 0.725725 1.27028e+06 0.745142 1.05133e+06 0.767455 844488 0.785177 667935 0.799511 519791 0.81183 400174 0.821251 304172 0.828365 229333 0.841088 166789 

0.707249 1.55798e+06 0.73533 2.62899e+06 0.777109 3.68681e+06 0.803195 4.53475e+06 0.819778 5.05918e+06 0.830487 5.23034e+06 0.83786 5.09181e+06 0.844551 4.69988e+06 0.853401 4.15000e+06 0.863674 3.5353e+06 0.874228 2.92796e+06 0.882975 2.36976e+06 0.890061 1.88919e+06 0.895292 1.48167e+06 0.899241 1.14575e+06 0.903109 875733 0.907111 648468 

0.788935 475040 0.747822 886699 0.735781 1.32603e+06 0.732784 1.67636e+06 0.735351 1.90132e+06 0.736925 1.98439e+06 0.73573 1.94399e+06 0.738489 1.80274e+06 0.749015 1.57771e+06 0.769222 1.32216e+06 0.788812 1.07406e+06 0.808165 856320 0.822142 671727 0.831421 519530 0.841196 397529 0.847044 300928 0.859398 220186 

0.651619 834565 0.678968 1.39767e+06 0.726072 1.95979e+06 0.755691 2.4223e+06 0.774673 2.72623e+06 0.787669 2.84103e+06 0.796359 2.7812e+06 0.80609 2.58039e+06 0.818559 2.28783e+06 0.830703 1.9472e+06 0.844501 1.6124e+06 0.855508 1.30387e+06 0.862443 1.03816e+06 0.871375 812492 0.877089 629705 0.879857 480416 0.885394 353381 

0.740912 249131 0.690079 475172 0.677085 728051 0.670655 937718 0.671805 1.0791e+06 0.672001 1.13957e+06 0.668546 1.12897e+06 0.676876 1.05123e+06 0.690297 923256 0.71412 770789 0.738842 624131 0.76343 496219 0.778157 387669 0.796436 301295 0.808539 230126 0.81239 173566 0.827571 126710 

0.611818 918767 0.632851 1.52026e+06 0.684144 2.12296e+06 0.715029 2.63514e+06 0.735593 2.98199e+06 0.749272 3.11877e+06 0.759987 3.06519e+06 0.76995 2.84710e+06 0.783932 2.5221e+06 0.800722 2.14993e+06 0.815929 1.77643e+06 0.829279 1.43624e+06 0.839719 1.1409e+06 0.847316 891460 0.853137 688876 0.857091 523414 0.867679 386024 

0.700393 270981 0.648745 523933 0.622528 812228 0.614583 1.06668e+06 0.613777 1.241e+06 0.61382 1.32391e+06 0.614715 1.3177e+06 0.620009 1.23538e+06 0.638537 1.08356e+06 0.666743 904689 0.695346 728291 0.721257 577484 0.738433 449685 0.757136 346802 0.766591 263507 0.780177 199129 0.793647 144817 

