0.99307 24070 0.992724 38035 0.993767 49531 0.993131 55679 0.992999 57450 0.992805 53976 0.991364 48502 0.990956 41673 0.990119 34176 0.989278 27452 0.989183 21352 0.988986 16669 0.989585 12755 0.987718 9525 0.988076 7184 0.986399 5287 0.98602 12913 

0.992632 10180 0.993826 15495 0.992412 19611 0.990916 21992 0.988285 21527 0.986679 19777 0.985186 17704 0.983447 14415 0.980785 11856 0.979446 9044 0.976835 6949 0.975823 5204 0.972129 3964 0.976703 2815 0.970373 2012 0.969362 1524 0.97611 3478 

0.990003 78127 0.991979 128680 0.992619 172764 0.992911 201691 0.991941 212320 0.992398 207136 0.991409 188939 0.991144 166239 0.989802 140949 0.9899 115481 0.988781 92301 0.988864 73396 0.988021 56683 0.989532 43529 0.987729 33092 0.987997 24721 0.985326 64092 

0.992673 30413 0.992552 50054 0.991369 65304 0.990656 75254 0.989462 77351 0.987213 74213 0.985756 66411 0.984593 57648 0.982313 47441 0.981805 38189 0.979129 29890 0.979106 23003 0.978677 17436 0.975921 13071 0.977574 9628 0.977332 7036 0.976752 17122 

0.985799 183655 0.990271 308842 0.990932 424218 0.99126 506759 0.990995 549611 0.990854 546460 0.990794 513880 0.990012 460438 0.989575 395946 0.989012 331359 0.988768 271636 0.98899 216090 0.988353 170585 0.988132 132462 0.988293 102059 0.986884 77310 0.985249 206643 

0.990878 67028 0.990049 111171 0.98983 150846 0.988967 178911 0.987146 189909 0.985913 186914 0.984135 172202 0.983213 152363 0.980836 129135 0.979934 106788 0.979836 85224 0.979803 67065 0.980158 52073 0.978207 39177 0.978091 29831 0.977647 21930 0.978244 55435 

0.98141 337755 0.986704 580286 0.988329 816177 0.989032 1.00032e+06 0.989203 1.10368e+06 0.989362 1.12407e+06 0.989249 1.0766e+06 0.988941 982592 0.989058 861759 0.988232 732736 0.988165 605986 0.988093 492131 0.987991 391833 0.987364 306751 0.987089 237668 0.987239 182510 0.985305 494943 

0.986734 113602 0.987564 195066 0.987053 271118 0.985789 328810 0.984959 358516 0.984053 361977 0.983473 344039 0.981099 309240 0.980405 268639 0.978919 225690 0.978244 183692 0.979084 146691 0.978752 116091 0.978319 89380 0.980301 67848 0.978178 51176 0.97697 132872 

0.973703 575889 0.981625 1.01332e+06 0.984413 1.45096e+06 0.985793 1.81484e+06 0.986391 2.04158e+06 0.986828 2.12066e+06 0.986795 2.0693e+06 0.986794 1.91647e+06 0.986635 1.70284e+06 0.986606 1.46748e+06 0.986595 1.22910e+06 0.986626 1.00641e+06 0.986427 808321 0.9864 639804 0.986014 498886 0.986317 383586 0.984842 1.06258e+06 

0.982773 179490 0.984098 312783 0.982849 448118 0.982478 555902 0.980978 623027 0.980278 643040 0.980392 622254 0.978737 571372 0.977466 504861 0.977286 430934 0.977214 358374 0.976402 290766 0.97757 230960 0.978519 180620 0.976867 139256 0.978383 105318 0.976783 281004 

0.961883 825331 0.973646 1.47158e+06 0.978086 2.1487e+06 0.98052 2.72964e+06 0.982129 3.12748e+06 0.982815 3.29769e+06 0.983476 3.26371e+06 0.983865 3.06069e+06 0.983754 2.75419e+06 0.983655 2.39473e+06 0.984094 2.02655e+06 0.984275 1.67175e+06 0.983867 1.35411e+06 0.983707 1.07632e+06 0.983655 842834 0.983464 651540 0.982263 1.81349e+06 

0.976442 236400 0.976976 421185 0.977066 617031 0.975913 784311 0.976019 898266 0.975508 943373 0.974777 929641 0.97426 867224 0.973687 777716 0.973214 672852 0.973109 564670 0.974704 463974 0.974422 372611 0.9748 294614 0.975081 228738 0.976211 175108 0.974497 470592 

0.942893 1.14646e+06 0.960961 2.06397e+06 0.968648 3.06439e+06 0.972516 3.95568e+06 0.975155 4.59349e+06 0.976641 4.91207e+06 0.977593 4.91362e+06 0.978285 4.65555e+06 0.97872 4.22675e+06 0.979053 3.70368e+06 0.979396 3.15164e+06 0.979476 2.61196e+06 0.979383 2.12688e+06 0.979877 1.69605e+06 0.979422 1.32775e+06 0.979795 1.02763e+06 0.977906 2.85748e+06 

0.965025 301083 0.967096 549189 0.966977 822550 0.965477 1.06319e+06 0.967004 1.24307e+06 0.967426 1.32948e+06 0.96723 1.32945e+06 0.96756 1.25996e+06 0.966838 1.14187e+06 0.967077 997871 0.967476 847453 0.968116 699893 0.969442 565746 0.969799 449836 0.970317 350045 0.972269 270341 0.971091 732437 

0.923921 626547 0.946835 1.13604e+06 0.958301 1.70186e+06 0.96351 2.21279e+06 0.966777 2.59551e+06 0.969653 2.79633e+06 0.971545 2.81371e+06 0.972469 2.68401e+06 0.972927 2.44877e+06 0.973755 2.15491e+06 0.973972 1.83624e+06 0.974604 1.52633e+06 0.974416 1.24211e+06 0.974946 990082 0.974608 779220 0.975009 601811 0.972987 1.6598e+06 

0.952009 155040 0.956064 286552 0.955125 436400 0.955406 572279 0.956838 675058 0.958123 730200 0.958912 737722 0.95897 704690 0.958566 645210 0.959342 566548 0.960895 482934 0.961641 399106 0.963435 324317 0.964044 259002 0.965207 202718 0.966586 156324 0.965852 422901 

0.903635 695061 0.933165 1.26636e+06 0.946148 1.90183e+06 0.953792 2.49421e+06 0.958201 2.93871e+06 0.96193 3.18123e+06 0.964136 3.21524e+06 0.965411 3.0785e+06 0.966381 2.81577e+06 0.967254 2.48292e+06 0.96823 2.12024e+06 0.969006 1.76358e+06 0.969231 1.43448e+06 0.969337 1.14431e+06 0.96981 899173 0.969682 693311 0.968202 1.90432e+06 

0.940539 163873 0.943188 308448 0.941822 472514 0.943078 627108 0.945814 746349 0.947048 812924 0.948543 825143 0.949508 794755 0.949684 728666 0.950308 645233 0.953312 550044 0.954864 457616 0.956035 372511 0.957732 296739 0.958399 232270 0.960589 178792 0.960097 484815 

